Finish computing Cd130_jj66_n3lovlowk.    See summary_Cd130_jj66_n3lovlowk.txt


Gamow Teller transition calc.
start running log_Cd130_Ag130_jj66_n3lovlowk_tr_j4p_j6p.txt ...
nprocs   96    myrank    0
 nprocs = nprocs_reduce x nprocs_shift    96 =    8 x   12
 # of vectors to shift at once   12

 &INPUT
 FN_INT  = jj66_n3lovlowk.snt                                                                                                        
                                                                                                                                     
   ,
 HW_TYPE =           1,
 FN_PTN_L        = Cd130_jj66_n3lovlowk_p.ptn                                                                                        
                                                                                                                                     
           ,
 FN_LOAD_WAVE_L  = Cd130_jj66_n3lovlowk_j4p.wav                                                                                      
                                                                                                                                     
           ,
 FN_PTN_R        = Ag130_jj66_n3lovlowk_p.ptn                                                                                        
                                                                                                                                     
           ,
 FN_LOAD_WAVE_R  = Ag130_jj66_n3lovlowk_j6p.wav                                                                                      
                                                                                                                                     
           ,
 EFF_CHARGE      =   1.50000000000000     ,  0.500000000000000     ,
 GL      =   1.00000000000000     ,  0.000000000000000E+000,
 GS      =   5.58500000000000     ,  -3.82600000000000     ,
 E1_CHARGE       = 2*0.000000000000000E+000  ,
 E3_CHARGE       = 2*0.000000000000000E+000  ,
 MASS    =           0,
 IS_FERMI_TRN    = F,
 IS_OBTD = F,
 IS_TBTD = F,
 NPROCS_REDUCE   =           8,
 NV_SHIFT        =          12,
 IHW_PROJ        =          -1,
 N_EIG_LR_PAIR   = 2000*-1
 /
compile conf. kwf, kdim, kmbit, nmbit =  8  8  8  1

fn_load_wave_l = Cd130_jj66_n3lovlowk_j4p.wav
fn_load_wave_r = Ag130_jj66_n3lovlowk_j6p.wav
 
 proton  core 38, orbit: 0s_1/2 0p_3/2 0p_1/2 0d_5/2 0d_3/2 1s_1/2 0f_7/2 0f_5/2 1p_3/2
 neutron core 50, orbit: 0s_1/2 0p_3/2 0p_1/2 0d_5/2 0d_3/2 1s_1/2 0f_7/2 0f_5/2 1p_3/2 1p_1/2 0g_9/2
 
 model space
   k,  n,  l,  j, tz,  p, 2n+l
   1   1   1   1  -1  -1   3   p 1p_1/2
   2   0   4   9  -1   1   4   p 0g_9/2
   3   0   4   7  -1   1   4   p 0g_7/2
   4   1   2   5  -1   1   4   p 1d_5/2
   5   1   2   3  -1   1   4   p 1d_3/2
   6   2   0   1  -1   1   4   p 2s_1/2
   7   0   4   7   1   1   4   n 0g_7/2
   8   1   2   5   1   1   4   n 1d_5/2
   9   1   2   3   1   1   4   n 1d_3/2
  10   2   0   1   1   1   4   n 2s_1/2
  11   0   5  11   1  -1   5   n 0h11/2
  12   1   3   7   1  -1   5   n 1f_7/2
 
set left partition_file=Cd130_jj66_n3lovlowk_p.ptn
Max 2*J =  62
 
pn= 1   # of mbits=        4516246
pn= 2   # of mbits=            257

init_partition  time it took was:     0.246 sec

Memory usage in partition       34.90 MB
 partition distribution based on counted dim.          96
 partition distribution based on counted dim.          96

loadbalancing cost max/min      421592.00000      421582.00000

set right partition_file=Ag130_jj66_n3lovlowk_p.ptn
Max 2*J =  52
 
pn= 1   # of mbits=        1223129
pn= 2   # of mbits=              8

init_partition  time it took was:     0.116 sec

Memory usage in partition        9.37 MB
 partition distribution based on counted dim.          96
 partition distribution based on counted dim.          96

loadbalancing cost max/min       18408.00000       12163.00000

N. of valence protons and neutrons =  10 32   mass=130   z,n-core    38   50
TBME mass dependence (mass/ 132)^ -0.30000000
 hbar_omega: set by 41A^(-1/3) MeV
hbar_omega =    8.09349 MeV;     b =    2.26362 fm
 all combination of states to be computed.
Memory for left global Lanczos vector:     0.302 GB
Memory / process is:     0.003 GB 
 
Memory for right global Lanczos vector:     0.009 GB
Memory / process is:     0.000 GB 
 
Total Memory / process is:     0.341 GB 
 
wave functions load from Cd130_jj66_n3lovlowk_j4p.wav # of wf  100
time I/O     30.154 GB  /      7.440 sec. =      4.05 GB/s

wave functions load from Ag130_jj66_n3lovlowk_j6p.wav # of wf    1
time I/O      0.009 GB  /      0.237 sec. =      0.04 GB/s


max. working area for pn-int.:      0.045GB        1000000
split partition threshold dim.          21848  max. # of split ptn   1
 # of split partitions        0 /          472
left  Z,N,A,M,prty:   48  82 130   4   1
right Z,N,A,M,prty:   47  83 130   6   1

 GT transition  <f||sigma t^(+-)||i>    parity  1  1
 2xJf      Ef      2xJi     Ei       Ex       Mred.    B(EM )->   B(EM)<-   Mom.
 4(   1) -196.640 6(   1) -177.201  19.439   -0.0297    0.0002    0.0001    0.0000
 4(   2) -194.761 6(   1) -177.201  17.560   -0.0039    0.0000    0.0000    0.0000
 4(   3) -193.901 6(   1) -177.201  16.700    0.0084    0.0000    0.0000    0.0000
 4(   4) -193.247 6(   1) -177.201  16.046    0.0441    0.0004    0.0003    0.0000
 4(   5) -192.972 6(   1) -177.201  15.772    0.0895    0.0016    0.0011    0.0000
 4(   6) -192.090 6(   1) -177.201  14.889    0.1085    0.0024    0.0017    0.0000
 4(   7) -191.256 6(   1) -177.201  14.056    1.1802    0.2786    0.1990    0.0000
 4(   8) -190.999 6(   1) -177.201  13.798    0.3160    0.0200    0.0143    0.0000
 4(   9) -189.475 6(   1) -177.201  12.275    0.4690    0.0440    0.0314    0.0000
 4(  10) -188.627 6(   1) -177.201  11.426    1.1466    0.2629    0.1878    0.0000
 4(  11) -187.604 6(   1) -177.201  10.403    1.5636    0.4890    0.3493    0.0000
 4(  12) -186.534 6(   1) -177.201   9.334    1.6529    0.5464    0.3903    0.0000
 4(  13) -185.393 6(   1) -177.201   8.192    1.6441    0.5406    0.3862    0.0000
 4(  14) -183.719 6(   1) -177.201   6.518    5.8184    6.7709    4.8363    0.0000
 4(  15) -183.086 6(   1) -177.201   5.886    3.7163    2.7622    1.9730    0.0000
 4(  16) -181.631 6(   1) -177.201   4.430    1.6715    0.5588    0.3992    0.0000
 4(  17) -180.070 6(   1) -177.201   2.870    0.9236    0.1706    0.1219    0.0000
 4(  18) -178.251 6(   1) -177.201   1.050    0.7945    0.1262    0.0902    0.0000
 4(  19) -176.819 6(   1) -177.201  -0.382    0.3440    0.0237    0.0169    0.0000
 4(  20) -181.473 6(   1) -177.201   4.272    0.5906    0.0698    0.0498    0.0000
 4(  21) -176.820 6(   1) -177.201  -0.381    0.2102    0.0088    0.0063    0.0000
 4(  22) -175.391 6(   1) -177.201  -1.810    0.0677    0.0009    0.0007    0.0000
 4(  23) -179.208 6(   1) -177.201   2.007    0.0894    0.0016    0.0011    0.0000
 4(  24) -180.106 6(   1) -177.201   2.905    0.0475    0.0005    0.0003    0.0000
 4(  25) -177.492 6(   1) -177.201   0.291    0.0679    0.0009    0.0007    0.0000
 4(  26) -177.525 6(   1) -177.201   0.325    0.1585    0.0050    0.0036    0.0000
 4(  27) -174.601 6(   1) -177.201  -2.600    0.1489    0.0044    0.0032    0.0000
 4(  28) -175.266 6(   1) -177.201  -1.935    0.1625    0.0053    0.0038    0.0000
 4(  29) -179.650 6(   1) -177.201   2.449    0.3979    0.0317    0.0226    0.0000
 4(  30) -185.315 6(   1) -177.201   8.114    1.4781    0.4369    0.3121    0.0000
 4(  31) -184.576 6(   1) -177.201   7.375    2.3068    1.0643    0.7602    0.0000
 4(  32) -182.474 6(   1) -177.201   5.273    0.6572    0.0864    0.0617    0.0000
 4(  33) -179.772 6(   1) -177.201   2.571    0.3206    0.0206    0.0147    0.0000
 4(  34) -177.500 6(   1) -177.201   0.299    0.1152    0.0027    0.0019    0.0000
 4(  35) -174.185 6(   1) -177.201  -3.015    0.0540    0.0006    0.0004    0.0000
 4(  36) -172.365 6(   1) -177.201  -4.836    0.0172    0.0001    0.0000    0.0000
 4(  37) -175.345 6(   1) -177.201  -1.856    0.0098    0.0000    0.0000    0.0000
 4(  38) -177.324 6(   1) -177.201   0.123    0.0149    0.0000    0.0000    0.0000
 4(  39) -176.787 6(   1) -177.201  -0.414    0.0260    0.0001    0.0001    0.0000
 4(  40) -175.158 6(   1) -177.201  -2.043    0.0222    0.0001    0.0001    0.0000
 4(  41) -172.842 6(   1) -177.201  -4.359    0.0241    0.0001    0.0001    0.0000
 4(  42) -170.105 6(   1) -177.201  -7.096    0.0081    0.0000    0.0000    0.0000
 4(  43) -167.986 6(   1) -177.201  -9.215    0.0031    0.0000    0.0000    0.0000
 4(  44) -168.805 6(   1) -177.201  -8.395    0.0009    0.0000    0.0000    0.0000
 4(  45) -171.427 6(   1) -177.201  -5.774    0.0010    0.0000    0.0000    0.0000
 4(  46) -177.535 6(   1) -177.201   0.334    0.0040    0.0000    0.0000    0.0000
 4(  47) -185.156 6(   1) -177.201   7.955    0.4760    0.0453    0.0324    0.0000
 4(  48) -185.446 6(   1) -177.201   8.245    1.2296    0.3024    0.2160    0.0000
 4(  49) -180.493 6(   1) -177.201   3.292    0.1212    0.0029    0.0021    0.0000
 4(  50) -177.479 6(   1) -177.201   0.278   -0.0809    0.0013    0.0009    0.0000
 4(  51) -185.581 6(   1) -177.201   8.380   -0.3473    0.0241    0.0172    0.0000
 4(  52) -178.124 6(   1) -177.201   0.923   -0.1414    0.0040    0.0029    0.0000
 4(  53) -178.639 6(   1) -177.201   1.438   -0.0631    0.0008    0.0006    0.0000
 4(  54) -186.636 6(   1) -177.201   9.436   -0.3527    0.0249    0.0178    0.0000
 4(  55) -181.045 6(   1) -177.201   3.845   -0.0535    0.0006    0.0004    0.0000
 4(  56) -175.701 6(   1) -177.201  -1.499   -0.0753    0.0011    0.0008    0.0000
 4(  57) -173.664 6(   1) -177.201  -3.537   -0.0408    0.0003    0.0002    0.0000
 4(  58) -172.838 6(   1) -177.201  -4.363    0.0431    0.0004    0.0003    0.0000
 4(  59) -183.781 6(   1) -177.201   6.580    0.2123    0.0090    0.0064    0.0000
 4(  60) -180.067 6(   1) -177.201   2.866   -0.1291    0.0033    0.0024    0.0000
 4(  61) -175.016 6(   1) -177.201  -2.185   -0.0246    0.0001    0.0001    0.0000
 4(  62) -172.648 6(   1) -177.201  -4.552   -0.0215    0.0001    0.0001    0.0000
 4(  63) -170.652 6(   1) -177.201  -6.549    0.0403    0.0003    0.0002    0.0000
 4(  64) -168.226 6(   1) -177.201  -8.975    0.0322    0.0002    0.0001    0.0000
 4(  65) -171.471 6(   1) -177.201  -5.730    0.0259    0.0001    0.0001    0.0000
 4(  66) -171.381 6(   1) -177.201  -5.820    0.0106    0.0000    0.0000    0.0000
 4(  67) -185.855 6(   1) -177.201   8.655    1.3671    0.3738    0.2670    0.0000
 4(  68) -181.274 6(   1) -177.201   4.073    0.0700    0.0010    0.0007    0.0000
 4(  69) -173.713 6(   1) -177.201  -3.488    0.1449    0.0042    0.0030    0.0000
 4(  70) -175.673 6(   1) -177.201  -1.527   -0.0480    0.0005    0.0003    0.0000
 4(  71) -175.952 6(   1) -177.201  -1.248   -0.0325    0.0002    0.0002    0.0000
 4(  72) -174.391 6(   1) -177.201  -2.810    0.0174    0.0001    0.0000    0.0000
 4(  73) -173.321 6(   1) -177.201  -3.879    0.0067    0.0000    0.0000    0.0000
 4(  74) -173.159 6(   1) -177.201  -4.041    0.0003    0.0000    0.0000    0.0000
 4(  75) -177.595 6(   1) -177.201   0.395    0.0010    0.0000    0.0000    0.0000
 4(  76) -173.021 6(   1) -177.201  -4.180   -0.0065    0.0000    0.0000    0.0000
 4(  77) -173.746 6(   1) -177.201  -3.455    0.0039    0.0000    0.0000    0.0000
 4(  78) -173.473 6(   1) -177.201  -3.728   -0.0089    0.0000    0.0000    0.0000
 4(  79) -172.966 6(   1) -177.201  -4.235   -0.0095    0.0000    0.0000    0.0000
 4(  80) -172.721 6(   1) -177.201  -4.480    0.0022    0.0000    0.0000    0.0000
 4(  81) -177.802 6(   1) -177.201   0.602    0.0028    0.0000    0.0000    0.0000
 4(  82) -173.841 6(   1) -177.201  -3.359    0.0100    0.0000    0.0000    0.0000
 4(  83) -173.091 6(   1) -177.201  -4.109   -0.0096    0.0000    0.0000    0.0000
 4(  84) -172.407 6(   1) -177.201  -4.793    0.0032    0.0000    0.0000    0.0000
 4(  85) -171.984 6(   1) -177.201  -5.217    0.0010    0.0000    0.0000    0.0000
 4(  86) -171.968 6(   1) -177.201  -5.233   -0.0030    0.0000    0.0000    0.0000
 4(  87) -171.514 6(   1) -177.201  -5.687   -0.0014    0.0000    0.0000    0.0000
 4(  88) -171.885 6(   1) -177.201  -5.315   -0.0007    0.0000    0.0000    0.0000
 4(  89) -171.455 6(   1) -177.201  -5.746    0.0003    0.0000    0.0000    0.0000
 4(  90) -170.904 6(   1) -177.201  -6.297   -0.0000    0.0000    0.0000    0.0000
 4(  91) -171.350 6(   1) -177.201  -5.851    0.0008    0.0000    0.0000    0.0000
 4(  92) -170.907 6(   1) -177.201  -6.294    0.0001    0.0000    0.0000    0.0000
 4(  93) -171.947 6(   1) -177.201  -5.254   -0.0024    0.0000    0.0000    0.0000
 4(  94) -171.414 6(   1) -177.201  -5.786   -0.0037    0.0000    0.0000    0.0000
 4(  95) -171.182 6(   1) -177.201  -6.019    0.0008    0.0000    0.0000    0.0000
 4(  96) -171.051 6(   1) -177.201  -6.150   -0.0011    0.0000    0.0000    0.0000
 4(  97) -170.790 6(   1) -177.201  -6.410    0.0004    0.0000    0.0000    0.0000
 4(  98) -170.680 6(   1) -177.201  -6.521   -0.0001    0.0000    0.0000    0.0000
 4(  99) -171.581 6(   1) -177.201  -5.620    0.0003    0.0000    0.0000    0.0000
 4( 100) -171.182 6(   1) -177.201  -6.018   -0.0001    0.0000    0.0000    0.0000
 

total elapsed time:    65.986

 
 maximum num of allocated lanczos vec.         121
 present num of allocated lanczos vec.         101
 
 
    summary of time, total =     0:01:05
 
                       time,    ncall, time/ncall,   ratio 
          total      65.986         1    65.98557   1.0000
  MPIini matvec       6.619       171     0.03871   0.1003
        operate       0.810       171     0.00474   0.0123
  MPIfin matvec       5.023       171     0.02938   0.0761
           misc      53.533                         0.8113
 
           tmp        0.237         3     0.07888   0.0036
 
