#Finish computing Al40_sdpf-m.    See summary_Al40_sdpf-m.txt
#
#
#Gamow Teller transition calc.
#start running log_Al40_Mg40_sdpf-m_tr_j2p_j0p.txt ...
#nprocs  240    myrank    0
# nprocs = nprocs_reduce x nprocs_shift   240 =   15 x   16
# # of vectors to shift at once   16
#
# &INPUT
# FN_INT  = sdpf-m.snt                                                                                                                
#                                                                                                                                     
#   ,
# HW_TYPE =           2,
# FN_PTN_L        = Al40_sdpf-m_p.ptn                                                                                                 
#                                                                                                                                     
#           ,
# FN_LOAD_WAVE_L  = Al40_sdpf-m_j2p.wav                                                                                               
#                                                                                                                                     
#           ,
# FN_PTN_R        = Mg40_sdpf-m_p.ptn                                                                                                 
#                                                                                                                                     
#           ,
# FN_LOAD_WAVE_R  = Mg40_sdpf-m_j0p.wav                                                                                               
#                                                                                                                                     
#           ,
# EFF_CHARGE      =   1.30000000000000     ,  0.500000000000000     ,
# GL      =   1.00000000000000     ,  0.000000000000000E+000,
# GS      =   5.58500000000000     ,  -3.82600000000000     ,
# E1_CHARGE       = 2*0.000000000000000E+000  ,
# E3_CHARGE       = 2*0.000000000000000E+000  ,
# MASS    =           0,
# IS_FERMI_TRN    = F,
# IS_OBTD = F,
# IS_TBTD = F,
# NPROCS_REDUCE   =          15,
# NV_SHIFT        =          16,
# IHW_PROJ        =          -1,
# N_EIG_LR_PAIR   = 2000*-1
# /
#compile conf. kwf, kdim, kmbit, nmbit =  8  8  8  1
#
#fn_load_wave_l = Al40_sdpf-m_j2p.wav
#fn_load_wave_r = Mg40_sdpf-m_j0p.wav
# 
# proton  core  8, orbit: 0s_1/2 0p_3/2 0p_1/2
# neutron core  8, orbit: 0s_1/2 0p_3/2 0p_1/2
# 
# model space
#   k,  n,  l,  j, tz,  p, 2n+l
#   1   0   2   3  -1   1   2   p 0d_3/2
#   2   0   2   5  -1   1   2   p 0d_5/2
#   3   1   0   1  -1   1   2   p 1s_1/2
#   4   0   3   7  -1  -1   3   p 0f_7/2
#   5   1   1   3  -1  -1   3   p 1p_3/2
#   6   0   2   3   1   1   2   n 0d_3/2
#   7   0   2   5   1   1   2   n 0d_5/2
#   8   1   0   1   1   1   2   n 1s_1/2
#   9   0   3   7   1  -1   3   n 0f_7/2
#  10   1   1   3   1  -1   3   n 1p_3/2
# 
#set left partition_file=Al40_sdpf-m_p.ptn
#Max 2*J =  46
# 
#pn= 1   # of mbits=          35705
#pn= 2   # of mbits=          35014
#
#init_partition  time it took was:     0.029 sec
#
#Memory usage in partition        2.13 MB
# partition distribution based on counted dim.         240
# partition distribution based on counted dim.         240
#
#loadbalancing cost max/min       67772.00000       67767.00000
#
#set right partition_file=Mg40_sdpf-m_p.ptn
#Max 2*J =  40
# 
#pn= 1   # of mbits=          10626
#pn= 2   # of mbits=          10626
#
#init_partition  time it took was:     0.010 sec
#
#Memory usage in partition        1.40 MB
# partition distribution based on counted dim.         240
# partition distribution based on counted dim.         240
#
#loadbalancing cost max/min       16258.00000       16252.00000
#
#N. of valence protons and neutrons =   5 19   mass= 40   z,n-core     8    8
#TBME mass dependence (mass/  18)^ -0.30000000
# hbar_omega: set by 45A^(-1/3)-25A^(-2/3) MeV
#hbar_omega =   11.02061 MeV;     b =    1.93986 fm
# all combination of states to be computed.
#Memory for left global Lanczos vector:     0.121 GB
#Memory / process is:     0.001 GB 
# 
#Memory for right global Lanczos vector:     0.029 GB
#Memory / process is:     0.000 GB 
# 
#Total Memory / process is:     0.211 GB 
# 
#wave functions load from Al40_sdpf-m_j2p.wav # of wf  400
#time I/O     48.472 GB  /      2.979 sec. =     16.27 GB/s
#
#wave functions load from Mg40_sdpf-m_j0p.wav # of wf    1
#time I/O      0.029 GB  /      0.090 sec. =      0.32 GB/s
#
#
#max. working area for pn-int.:      0.045GB        1000000
#split partition threshold dim.            268  max. # of split ptn   1
# # of split partitions        0 /         1298
#left  Z,N,A,M,prty:   13  27  40   2   1
#right Z,N,A,M,prty:   12  28  40   0   1
#
# GT transition  <f||sigma t^(+-)||i>    parity  1  1
# 2xJf      Ef      2xJi     Ei       Ex       Mred.    B(EM )->   B(EM)<-   Mom.
 2(   1) -176.781 0(   1) -152.439  24.342   -0.9053    0.2732    0.8195    0.0000
 2(   2) -176.066 0(   1) -152.439  23.628    0.0049    0.0000    0.0000    0.0000
 2(   3) -175.473 0(   1) -152.439  23.034   -0.2880    0.0276    0.0829    0.0000
 2(   4) -175.010 0(   1) -152.439  22.572   -0.0039    0.0000    0.0000    0.0000
 2(   5) -174.547 0(   1) -152.439  22.109   -0.1569    0.0082    0.0246    0.0000
 2(   6) -174.416 0(   1) -152.439  21.977    0.0843    0.0024    0.0071    0.0000
 2(   7) -174.368 0(   1) -152.439  21.929    0.0106    0.0000    0.0001    0.0000
 2(   8) -174.318 0(   1) -152.439  21.880   -0.0901    0.0027    0.0081    0.0000
 2(   9) -173.872 0(   1) -152.439  21.433    0.0780    0.0020    0.0061    0.0000
 2(  10) -173.785 0(   1) -152.439  21.346   -0.1134    0.0043    0.0129    0.0000
 2(  11) -173.627 0(   1) -152.439  21.188   -0.1579    0.0083    0.0249    0.0000
 2(  12) -173.534 0(   1) -152.439  21.095   -0.1584    0.0084    0.0251    0.0000
 2(  13) -173.333 0(   1) -152.439  20.895   -0.0965    0.0031    0.0093    0.0000
 2(  14) -173.140 0(   1) -152.439  20.701    0.1524    0.0077    0.0232    0.0000
 2(  15) -172.928 0(   1) -152.439  20.490    0.2282    0.0174    0.0521    0.0000
 2(  16) -172.774 0(   1) -152.439  20.335   -0.1800    0.0108    0.0324    0.0000
 2(  17) -172.509 0(   1) -152.439  20.070    0.1370    0.0063    0.0188    0.0000
 2(  18) -172.261 0(   1) -152.439  19.822   -0.0987    0.0032    0.0097    0.0000
 2(  19) -171.876 0(   1) -152.439  19.437   -0.0785    0.0021    0.0062    0.0000
 2(  20) -171.557 0(   1) -152.439  19.118   -0.2099    0.0147    0.0440    0.0000
 2(  21) -171.284 0(   1) -152.439  18.846    0.2526    0.0213    0.0638    0.0000
 2(  22) -171.007 0(   1) -152.439  18.568    0.1745    0.0101    0.0304    0.0000
 2(  23) -170.538 0(   1) -152.439  18.099   -0.1737    0.0101    0.0302    0.0000
 2(  24) -170.211 0(   1) -152.439  17.773   -0.2567    0.0220    0.0659    0.0000
 2(  25) -169.819 0(   1) -152.439  17.380    0.2058    0.0141    0.0424    0.0000
 2(  26) -169.380 0(   1) -152.439  16.941   -0.3379    0.0381    0.1142    0.0000
 2(  27) -169.078 0(   1) -152.439  16.639    0.3510    0.0411    0.1232    0.0000
 2(  28) -168.596 0(   1) -152.439  16.158   -0.2627    0.0230    0.0690    0.0000
 2(  29) -168.149 0(   1) -152.439  15.711   -0.2377    0.0188    0.0565    0.0000
 2(  30) -167.693 0(   1) -152.439  15.255   -0.3565    0.0424    0.1271    0.0000
 2(  31) -167.190 0(   1) -152.439  14.752   -0.4385    0.0641    0.1922    0.0000
 2(  32) -166.776 0(   1) -152.439  14.337   -0.5353    0.0955    0.2866    0.0000
 2(  33) -166.262 0(   1) -152.439  13.823   -0.3717    0.0460    0.1381    0.0000
 2(  34) -165.757 0(   1) -152.439  13.318   -0.3442    0.0395    0.1185    0.0000
 2(  35) -165.162 0(   1) -152.439  12.724   -0.3230    0.0348    0.1043    0.0000
 2(  36) -164.544 0(   1) -152.439  12.105   -0.3419    0.0390    0.1169    0.0000
 2(  37) -164.000 0(   1) -152.439  11.561    0.5915    0.1166    0.3498    0.0000
 2(  38) -163.486 0(   1) -152.439  11.048    0.6165    0.1267    0.3801    0.0000
 2(  39) -162.856 0(   1) -152.439  10.417   -0.5874    0.1150    0.3450    0.0000
 2(  40) -162.249 0(   1) -152.439   9.810    0.6231    0.1294    0.3882    0.0000
 2(  41) -161.605 0(   1) -152.439   9.166   -0.7770    0.2013    0.6038    0.0000
 2(  42) -160.988 0(   1) -152.439   8.550   -0.7548    0.1899    0.5697    0.0000
 2(  43) -160.321 0(   1) -152.439   7.882   -0.8708    0.2528    0.7584    0.0000
 2(  44) -159.675 0(   1) -152.439   7.236   -0.9818    0.3213    0.9640    0.0000
 2(  45) -159.006 0(   1) -152.439   6.568   -1.1821    0.4658    1.3973    0.0000
 2(  46) -158.354 0(   1) -152.439   5.916    1.2843    0.5498    1.6495    0.0000
 2(  47) -157.659 0(   1) -152.439   5.220    1.4067    0.6596    1.9788    0.0000
 2(  48) -156.974 0(   1) -152.439   4.535    1.5931    0.8460    2.5381    0.0000
 2(  49) -156.288 0(   1) -152.439   3.849   -1.7164    0.9820    2.9459    0.0000
 2(  50) -155.579 0(   1) -152.439   3.140    1.7292    0.9967    2.9900    0.0000
 2(  51) -154.889 0(   1) -152.439   2.451    1.6925    0.9548    2.8645    0.0000
 2(  52) -154.169 0(   1) -152.439   1.731   -1.5813    0.8335    2.5004    0.0000
 2(  53) -153.424 0(   1) -152.439   0.986    1.2542    0.5243    1.5730    0.0000
 2(  54) -152.659 0(   1) -152.439   0.220   -1.0283    0.3525    1.0574    0.0000
 2(  55) -151.845 0(   1) -152.439  -0.593   -0.8198    0.2240    0.6721    0.0000
 2(  56) -151.049 0(   1) -152.439  -1.389   -0.6539    0.1425    0.4275    0.0000
 2(  57) -150.182 0(   1) -152.439  -2.257    0.5300    0.0936    0.2809    0.0000
 2(  58) -149.320 0(   1) -152.439  -3.118    0.4599    0.0705    0.2115    0.0000
 2(  59) -148.411 0(   1) -152.439  -4.027    0.3851    0.0494    0.1483    0.0000
 2(  60) -147.451 0(   1) -152.439  -4.987    0.3705    0.0458    0.1373    0.0000
 2(  61) -146.586 0(   1) -152.439  -5.852    0.3239    0.0350    0.1049    0.0000
 2(  62) -145.662 0(   1) -152.439  -6.777    0.2970    0.0294    0.0882    0.0000
 2(  63) -144.642 0(   1) -152.439  -7.796    0.2880    0.0276    0.0829    0.0000
 2(  64) -143.640 0(   1) -152.439  -8.798   -0.3274    0.0357    0.1072    0.0000
 2(  65) -142.807 0(   1) -152.439  -9.632   -0.3040    0.0308    0.0924    0.0000
 2(  66) -141.816 0(   1) -152.439 -10.623   -0.2242    0.0168    0.0503    0.0000
 2(  67) -140.819 0(   1) -152.439 -11.619    0.2067    0.0142    0.0427    0.0000
 2(  68) -139.857 0(   1) -152.439 -12.582    0.1646    0.0090    0.0271    0.0000
 2(  69) -138.783 0(   1) -152.439 -13.655   -0.1643    0.0090    0.0270    0.0000
 2(  70) -137.842 0(   1) -152.439 -14.597   -0.1212    0.0049    0.0147    0.0000
 2(  71) -136.734 0(   1) -152.439 -15.704    0.1021    0.0035    0.0104    0.0000
 2(  72) -135.660 0(   1) -152.439 -16.779    0.0974    0.0032    0.0095    0.0000
 2(  73) -134.536 0(   1) -152.439 -17.902   -0.0956    0.0030    0.0091    0.0000
 2(  74) -133.496 0(   1) -152.439 -18.943   -0.0796    0.0021    0.0063    0.0000
 2(  75) -132.267 0(   1) -152.439 -20.172   -0.0768    0.0020    0.0059    0.0000
 2(  76) -131.144 0(   1) -152.439 -21.294   -0.0721    0.0017    0.0052    0.0000
 2(  77) -130.053 0(   1) -152.439 -22.386   -0.0609    0.0012    0.0037    0.0000
 2(  78) -128.976 0(   1) -152.439 -23.463    0.0524    0.0009    0.0027    0.0000
 2(  79) -128.082 0(   1) -152.439 -24.357   -0.0487    0.0008    0.0024    0.0000
 2(  80) -127.705 0(   1) -152.439 -24.734   -0.0494    0.0008    0.0024    0.0000
 2(  81) -128.282 0(   1) -152.439 -24.157    0.0562    0.0011    0.0032    0.0000
 2(  82) -128.093 0(   1) -152.439 -24.346    0.0620    0.0013    0.0038    0.0000
 2(  83) -127.291 0(   1) -152.439 -25.147    0.0635    0.0013    0.0040    0.0000
 2(  84) -126.919 0(   1) -152.439 -25.520    0.0678    0.0015    0.0046    0.0000
 2(  85) -127.120 0(   1) -152.439 -25.318    0.0749    0.0019    0.0056    0.0000
 2(  86) -125.834 0(   1) -152.439 -26.605    0.0775    0.0020    0.0060    0.0000
 2(  87) -126.183 0(   1) -152.439 -26.255    0.0836    0.0023    0.0070    0.0000
 2(  88) -125.917 0(   1) -152.439 -26.521    0.0846    0.0024    0.0072    0.0000
 2(  89) -125.731 0(   1) -152.439 -26.708    0.0883    0.0026    0.0078    0.0000
 2(  90) -125.698 0(   1) -152.439 -26.741    0.0923    0.0028    0.0085    0.0000
 2(  91) -125.948 0(   1) -152.439 -26.490   -0.0976    0.0032    0.0095    0.0000
 2(  92) -126.192 0(   1) -152.439 -26.247   -0.1053    0.0037    0.0111    0.0000
 2(  93) -126.013 0(   1) -152.439 -26.426    0.1097    0.0040    0.0120    0.0000
 2(  94) -126.234 0(   1) -152.439 -26.204   -0.1164    0.0045    0.0136    0.0000
 2(  95) -125.875 0(   1) -152.439 -26.564    0.1176    0.0046    0.0138    0.0000
 2(  96) -126.144 0(   1) -152.439 -26.295    0.1224    0.0050    0.0150    0.0000
 2(  97) -126.682 0(   1) -152.439 -25.756   -0.1304    0.0057    0.0170    0.0000
 2(  98) -127.444 0(   1) -152.439 -24.995    0.1418    0.0067    0.0201    0.0000
 2(  99) -127.239 0(   1) -152.439 -25.199   -0.1469    0.0072    0.0216    0.0000
 2( 100) -127.906 0(   1) -152.439 -24.532    0.1614    0.0087    0.0260    0.0000
 2( 101) -127.660 0(   1) -152.439 -24.778   -0.1656    0.0091    0.0274    0.0000
 2( 102) -127.783 0(   1) -152.439 -24.655   -0.1705    0.0097    0.0291    0.0000
 2( 103) -128.285 0(   1) -152.439 -24.154    0.1782    0.0106    0.0318    0.0000
 2( 104) -128.286 0(   1) -152.439 -24.152    0.1814    0.0110    0.0329    0.0000
 2( 105) -128.318 0(   1) -152.439 -24.121    0.1805    0.0109    0.0326    0.0000
 2( 106) -129.067 0(   1) -152.439 -23.372    0.1844    0.0113    0.0340    0.0000
 2( 107) -129.255 0(   1) -152.439 -23.184   -0.1876    0.0117    0.0352    0.0000
 2( 108) -129.703 0(   1) -152.439 -22.736    0.1862    0.0116    0.0347    0.0000
 2( 109) -130.358 0(   1) -152.439 -22.081    0.1905    0.0121    0.0363    0.0000
 2( 110) -131.092 0(   1) -152.439 -21.346   -0.1965    0.0129    0.0386    0.0000
 2( 111) -132.155 0(   1) -152.439 -20.283   -0.2031    0.0137    0.0412    0.0000
 2( 112) -132.805 0(   1) -152.439 -19.634    0.2001    0.0134    0.0401    0.0000
 2( 113) -132.879 0(   1) -152.439 -19.560   -0.1956    0.0128    0.0383    0.0000
 2( 114) -133.762 0(   1) -152.439 -18.676    0.1889    0.0119    0.0357    0.0000
 2( 115) -131.593 0(   1) -152.439 -20.846    0.1622    0.0088    0.0263    0.0000
 2( 116) -131.692 0(   1) -152.439 -20.747    0.1560    0.0081    0.0243    0.0000
 2( 117) -131.424 0(   1) -152.439 -21.014    0.1567    0.0082    0.0246    0.0000
 2( 118) -132.534 0(   1) -152.439 -19.904    0.1658    0.0092    0.0275    0.0000
 2( 119) -134.260 0(   1) -152.439 -18.179    0.1732    0.0100    0.0300    0.0000
 2( 120) -132.138 0(   1) -152.439 -20.301    0.1658    0.0092    0.0275    0.0000
 2( 121) -132.319 0(   1) -152.439 -20.120    0.1745    0.0101    0.0304    0.0000
 2( 122) -131.545 0(   1) -152.439 -20.894    0.1777    0.0105    0.0316    0.0000
 2( 123) -131.950 0(   1) -152.439 -20.489    0.1811    0.0109    0.0328    0.0000
 2( 124) -133.144 0(   1) -152.439 -19.294    0.1906    0.0121    0.0363    0.0000
 2( 125) -131.922 0(   1) -152.439 -20.516    0.1938    0.0125    0.0375    0.0000
 2( 126) -133.956 0(   1) -152.439 -18.483    0.2341    0.0183    0.0548    0.0000
 2( 127) -136.304 0(   1) -152.439 -16.134    0.2732    0.0249    0.0746    0.0000
 2( 128) -137.751 0(   1) -152.439 -14.688    0.2654    0.0235    0.0704    0.0000
 2( 129) -134.487 0(   1) -152.439 -17.952    0.2234    0.0166    0.0499    0.0000
 2( 130) -136.420 0(   1) -152.439 -16.018   -0.2355    0.0185    0.0555    0.0000
 2( 131) -135.627 0(   1) -152.439 -16.812    0.2364    0.0186    0.0559    0.0000
 2( 132) -135.196 0(   1) -152.439 -17.242    0.2176    0.0158    0.0473    0.0000
 2( 133) -132.906 0(   1) -152.439 -19.533    0.2075    0.0143    0.0430    0.0000
 2( 134) -132.676 0(   1) -152.439 -19.762    0.2063    0.0142    0.0426    0.0000
 2( 135) -134.015 0(   1) -152.439 -18.424   -0.2223    0.0165    0.0494    0.0000
 2( 136) -133.173 0(   1) -152.439 -19.265    0.2196    0.0161    0.0482    0.0000
 2( 137) -132.405 0(   1) -152.439 -20.033    0.2181    0.0158    0.0475    0.0000
 2( 138) -133.357 0(   1) -152.439 -19.081   -0.2283    0.0174    0.0521    0.0000
 2( 139) -132.823 0(   1) -152.439 -19.616   -0.2258    0.0170    0.0510    0.0000
 2( 140) -133.059 0(   1) -152.439 -19.379    0.2311    0.0178    0.0534    0.0000
 2( 141) -134.202 0(   1) -152.439 -18.236    0.2443    0.0199    0.0597    0.0000
 2( 142) -134.762 0(   1) -152.439 -17.676   -0.2524    0.0212    0.0637    0.0000
 2( 143) -135.835 0(   1) -152.439 -16.604   -0.2592    0.0224    0.0672    0.0000
 2( 144) -134.031 0(   1) -152.439 -18.407    0.2310    0.0178    0.0534    0.0000
 2( 145) -135.797 0(   1) -152.439 -16.642    0.2464    0.0202    0.0607    0.0000
 2( 146) -135.475 0(   1) -152.439 -16.963    0.2368    0.0187    0.0561    0.0000
 2( 147) -136.145 0(   1) -152.439 -16.294   -0.2400    0.0192    0.0576    0.0000
 2( 148) -135.104 0(   1) -152.439 -17.335   -0.2315    0.0179    0.0536    0.0000
 2( 149) -135.886 0(   1) -152.439 -16.552    0.2406    0.0193    0.0579    0.0000
 2( 150) -132.789 0(   1) -152.439 -19.649    0.2097    0.0147    0.0440    0.0000
 2( 151) -132.118 0(   1) -152.439 -20.321   -0.1988    0.0132    0.0395    0.0000
 2( 152) -132.400 0(   1) -152.439 -20.039    0.1939    0.0125    0.0376    0.0000
 2( 153) -131.789 0(   1) -152.439 -20.649    0.1969    0.0129    0.0388    0.0000
 2( 154) -131.874 0(   1) -152.439 -20.565   -0.2053    0.0141    0.0422    0.0000
 2( 155) -132.929 0(   1) -152.439 -19.509    0.2236    0.0167    0.0500    0.0000
 2( 156) -132.893 0(   1) -152.439 -19.546    0.2284    0.0174    0.0522    0.0000
 2( 157) -132.942 0(   1) -152.439 -19.497    0.2243    0.0168    0.0503    0.0000
 2( 158) -133.284 0(   1) -152.439 -19.155    0.2213    0.0163    0.0490    0.0000
 2( 159) -133.364 0(   1) -152.439 -19.075   -0.2109    0.0148    0.0445    0.0000
 2( 160) -134.277 0(   1) -152.439 -18.162    0.2082    0.0145    0.0434    0.0000
 2( 161) -135.372 0(   1) -152.439 -17.067   -0.2224    0.0165    0.0495    0.0000
 2( 162) -135.459 0(   1) -152.439 -16.979    0.2122    0.0150    0.0450    0.0000
 2( 163) -136.200 0(   1) -152.439 -16.239    0.2088    0.0145    0.0436    0.0000
 2( 164) -135.137 0(   1) -152.439 -17.302    0.1844    0.0113    0.0340    0.0000
 2( 165) -134.769 0(   1) -152.439 -17.669   -0.1612    0.0087    0.0260    0.0000
 2( 166) -135.598 0(   1) -152.439 -16.841    0.1506    0.0076    0.0227    0.0000
 2( 167) -135.350 0(   1) -152.439 -17.089   -0.1411    0.0066    0.0199    0.0000
 2( 168) -136.996 0(   1) -152.439 -15.443   -0.1536    0.0079    0.0236    0.0000
 2( 169) -137.938 0(   1) -152.439 -14.501   -0.1483    0.0073    0.0220    0.0000
 2( 170) -135.718 0(   1) -152.439 -16.720    0.1112    0.0041    0.0124    0.0000
 2( 171) -137.619 0(   1) -152.439 -14.819   -0.1011    0.0034    0.0102    0.0000
 2( 172) -136.262 0(   1) -152.439 -16.176    0.0799    0.0021    0.0064    0.0000
 2( 173) -135.350 0(   1) -152.439 -17.088   -0.0667    0.0015    0.0044    0.0000
 2( 174) -135.733 0(   1) -152.439 -16.706   -0.0580    0.0011    0.0034    0.0000
 2( 175) -136.460 0(   1) -152.439 -15.979    0.0491    0.0008    0.0024    0.0000
 2( 176) -135.795 0(   1) -152.439 -16.644    0.0390    0.0005    0.0015    0.0000
 2( 177) -135.264 0(   1) -152.439 -17.175    0.0355    0.0004    0.0013    0.0000
 2( 178) -136.297 0(   1) -152.439 -16.141   -0.0351    0.0004    0.0012    0.0000
 2( 179) -138.485 0(   1) -152.439 -13.953   -0.0348    0.0004    0.0012    0.0000
 2( 180) -133.999 0(   1) -152.439 -18.439   -0.0228    0.0002    0.0005    0.0000
 2( 181) -133.549 0(   1) -152.439 -18.889    0.0177    0.0001    0.0003    0.0000
 2( 182) -134.888 0(   1) -152.439 -17.551    0.0159    0.0001    0.0003    0.0000
 2( 183) -134.517 0(   1) -152.439 -17.921   -0.0142    0.0001    0.0002    0.0000
 2( 184) -133.302 0(   1) -152.439 -19.137    0.0116    0.0000    0.0001    0.0000
 2( 185) -130.382 0(   1) -152.439 -22.057   -0.0095    0.0000    0.0001    0.0000
 2( 186) -131.402 0(   1) -152.439 -21.036    0.0090    0.0000    0.0001    0.0000
 2( 187) -124.652 0(   1) -152.439 -27.786    0.0062    0.0000    0.0000    0.0000
 2( 188) -124.921 0(   1) -152.439 -27.518    0.0058    0.0000    0.0000    0.0000
 2( 189) -124.613 0(   1) -152.439 -27.826    0.0055    0.0000    0.0000    0.0000
 2( 190) -124.606 0(   1) -152.439 -27.832    0.0052    0.0000    0.0000    0.0000
 2( 191) -124.733 0(   1) -152.439 -27.706   -0.0050    0.0000    0.0000    0.0000
 2( 192) -124.725 0(   1) -152.439 -27.714    0.0047    0.0000    0.0000    0.0000
 2( 193) -124.545 0(   1) -152.439 -27.894    0.0045    0.0000    0.0000    0.0000
 2( 194) -124.548 0(   1) -152.439 -27.890    0.0043    0.0000    0.0000    0.0000
 2( 195) -124.706 0(   1) -152.439 -27.733    0.0043    0.0000    0.0000    0.0000
 2( 196) -124.823 0(   1) -152.439 -27.616    0.0041    0.0000    0.0000    0.0000
 2( 197) -125.034 0(   1) -152.439 -27.404   -0.0039    0.0000    0.0000    0.0000
 2( 198) -125.191 0(   1) -152.439 -27.247   -0.0038    0.0000    0.0000    0.0000
 2( 199) -124.960 0(   1) -152.439 -27.479   -0.0037    0.0000    0.0000    0.0000
 2( 200) -125.019 0(   1) -152.439 -27.420   -0.0037    0.0000    0.0000    0.0000
 2( 201) -125.447 0(   1) -152.439 -26.992    0.0037    0.0000    0.0000    0.0000
 2( 202) -125.351 0(   1) -152.439 -27.088   -0.0034    0.0000    0.0000    0.0000
 2( 203) -125.687 0(   1) -152.439 -26.752    0.0034    0.0000    0.0000    0.0000
 2( 204) -125.474 0(   1) -152.439 -26.964    0.0033    0.0000    0.0000    0.0000
 2( 205) -125.561 0(   1) -152.439 -26.878    0.0033    0.0000    0.0000    0.0000
 2( 206) -125.543 0(   1) -152.439 -26.896    0.0031    0.0000    0.0000    0.0000
 2( 207) -125.682 0(   1) -152.439 -26.756    0.0029    0.0000    0.0000    0.0000
 2( 208) -125.394 0(   1) -152.439 -27.045    0.0028    0.0000    0.0000    0.0000
 2( 209) -125.572 0(   1) -152.439 -26.867   -0.0026    0.0000    0.0000    0.0000
 2( 210) -125.437 0(   1) -152.439 -27.002    0.0025    0.0000    0.0000    0.0000
 2( 211) -125.715 0(   1) -152.439 -26.724   -0.0025    0.0000    0.0000    0.0000
 2( 212) -125.952 0(   1) -152.439 -26.487   -0.0024    0.0000    0.0000    0.0000
 2( 213) -125.868 0(   1) -152.439 -26.570    0.0024    0.0000    0.0000    0.0000
 2( 214) -125.816 0(   1) -152.439 -26.623    0.0023    0.0000    0.0000    0.0000
 2( 215) -125.636 0(   1) -152.439 -26.802    0.0022    0.0000    0.0000    0.0000
 2( 216) -125.876 0(   1) -152.439 -26.563   -0.0021    0.0000    0.0000    0.0000
 2( 217) -126.094 0(   1) -152.439 -26.344   -0.0021    0.0000    0.0000    0.0000
 2( 218) -125.959 0(   1) -152.439 -26.480   -0.0020    0.0000    0.0000    0.0000
 2( 219) -125.781 0(   1) -152.439 -26.658   -0.0019    0.0000    0.0000    0.0000
 2( 220) -126.084 0(   1) -152.439 -26.355   -0.0018    0.0000    0.0000    0.0000
 2( 221) -126.122 0(   1) -152.439 -26.317    0.0017    0.0000    0.0000    0.0000
 2( 222) -126.281 0(   1) -152.439 -26.158   -0.0017    0.0000    0.0000    0.0000
 2( 223) -125.933 0(   1) -152.439 -26.505   -0.0016    0.0000    0.0000    0.0000
 2( 224) -126.110 0(   1) -152.439 -26.328    0.0015    0.0000    0.0000    0.0000
 2( 225) -125.951 0(   1) -152.439 -26.488   -0.0015    0.0000    0.0000    0.0000
 2( 226) -125.841 0(   1) -152.439 -26.597   -0.0014    0.0000    0.0000    0.0000
 2( 227) -125.826 0(   1) -152.439 -26.612   -0.0013    0.0000    0.0000    0.0000
 2( 228) -125.943 0(   1) -152.439 -26.496   -0.0013    0.0000    0.0000    0.0000
 2( 229) -126.294 0(   1) -152.439 -26.144   -0.0012    0.0000    0.0000    0.0000
 2( 230) -126.155 0(   1) -152.439 -26.284   -0.0011    0.0000    0.0000    0.0000
 2( 231) -125.877 0(   1) -152.439 -26.562    0.0011    0.0000    0.0000    0.0000
 2( 232) -126.207 0(   1) -152.439 -26.232   -0.0011    0.0000    0.0000    0.0000
 2( 233) -126.095 0(   1) -152.439 -26.343    0.0011    0.0000    0.0000    0.0000
 2( 234) -126.209 0(   1) -152.439 -26.230    0.0010    0.0000    0.0000    0.0000
 2( 235) -126.233 0(   1) -152.439 -26.206   -0.0010    0.0000    0.0000    0.0000
 2( 236) -126.525 0(   1) -152.439 -25.914   -0.0009    0.0000    0.0000    0.0000
 2( 237) -126.966 0(   1) -152.439 -25.472    0.0009    0.0000    0.0000    0.0000
 2( 238) -126.947 0(   1) -152.439 -25.491    0.0009    0.0000    0.0000    0.0000
 2( 239) -127.404 0(   1) -152.439 -25.034    0.0009    0.0000    0.0000    0.0000
 2( 240) -126.812 0(   1) -152.439 -25.627   -0.0008    0.0000    0.0000    0.0000
 2( 241) -126.695 0(   1) -152.439 -25.744    0.0007    0.0000    0.0000    0.0000
 2( 242) -127.087 0(   1) -152.439 -25.352    0.0007    0.0000    0.0000    0.0000
 2( 243) -127.047 0(   1) -152.439 -25.391    0.0007    0.0000    0.0000    0.0000
 2( 244) -126.450 0(   1) -152.439 -25.989    0.0006    0.0000    0.0000    0.0000
 2( 245) -126.934 0(   1) -152.439 -25.504   -0.0005    0.0000    0.0000    0.0000
 2( 246) -126.970 0(   1) -152.439 -25.469    0.0006    0.0000    0.0000    0.0000
 2( 247) -126.775 0(   1) -152.439 -25.664    0.0005    0.0000    0.0000    0.0000
 2( 248) -127.139 0(   1) -152.439 -25.299    0.0005    0.0000    0.0000    0.0000
 2( 249) -127.018 0(   1) -152.439 -25.421   -0.0005    0.0000    0.0000    0.0000
 2( 250) -127.260 0(   1) -152.439 -25.179   -0.0005    0.0000    0.0000    0.0000
 2( 251) -126.558 0(   1) -152.439 -25.881   -0.0005    0.0000    0.0000    0.0000
 2( 252) -126.911 0(   1) -152.439 -25.528    0.0005    0.0000    0.0000    0.0000
 2( 253) -127.023 0(   1) -152.439 -25.415    0.0005    0.0000    0.0000    0.0000
 2( 254) -127.139 0(   1) -152.439 -25.300    0.0004    0.0000    0.0000    0.0000
 2( 255) -126.386 0(   1) -152.439 -26.053   -0.0004    0.0000    0.0000    0.0000
 2( 256) -126.749 0(   1) -152.439 -25.689   -0.0004    0.0000    0.0000    0.0000
 2( 257) -126.121 0(   1) -152.439 -26.317   -0.0003    0.0000    0.0000    0.0000
 2( 258) -126.237 0(   1) -152.439 -26.201    0.0003    0.0000    0.0000    0.0000
 2( 259) -127.050 0(   1) -152.439 -25.388    0.0004    0.0000    0.0000    0.0000
 2( 260) -127.120 0(   1) -152.439 -25.319    0.0003    0.0000    0.0000    0.0000
 2( 261) -125.838 0(   1) -152.439 -26.600    0.0003    0.0000    0.0000    0.0000
 2( 262) -125.901 0(   1) -152.439 -26.537    0.0003    0.0000    0.0000    0.0000
 2( 263) -126.094 0(   1) -152.439 -26.344    0.0003    0.0000    0.0000    0.0000
 2( 264) -125.809 0(   1) -152.439 -26.630   -0.0003    0.0000    0.0000    0.0000
 2( 265) -126.131 0(   1) -152.439 -26.308   -0.0003    0.0000    0.0000    0.0000
 2( 266) -125.880 0(   1) -152.439 -26.558    0.0003    0.0000    0.0000    0.0000
 2( 267) -126.169 0(   1) -152.439 -26.269   -0.0003    0.0000    0.0000    0.0000
 2( 268) -125.979 0(   1) -152.439 -26.459   -0.0002    0.0000    0.0000    0.0000
 2( 269) -126.064 0(   1) -152.439 -26.374   -0.0002    0.0000    0.0000    0.0000
 2( 270) -126.276 0(   1) -152.439 -26.163   -0.0003    0.0000    0.0000    0.0000
 2( 271) -126.559 0(   1) -152.439 -25.879    0.0003    0.0000    0.0000    0.0000
 2( 272) -126.304 0(   1) -152.439 -26.134    0.0002    0.0000    0.0000    0.0000
 2( 273) -126.390 0(   1) -152.439 -26.049   -0.0003    0.0000    0.0000    0.0000
 2( 274) -126.226 0(   1) -152.439 -26.212    0.0002    0.0000    0.0000    0.0000
 2( 275) -126.481 0(   1) -152.439 -25.958   -0.0002    0.0000    0.0000    0.0000
 2( 276) -126.117 0(   1) -152.439 -26.322   -0.0002    0.0000    0.0000    0.0000
 2( 277) -126.331 0(   1) -152.439 -26.108    0.0002    0.0000    0.0000    0.0000
 2( 278) -126.331 0(   1) -152.439 -26.108   -0.0002    0.0000    0.0000    0.0000
 2( 279) -126.382 0(   1) -152.439 -26.056    0.0002    0.0000    0.0000    0.0000
 2( 280) -126.699 0(   1) -152.439 -25.739   -0.0002    0.0000    0.0000    0.0000
 2( 281) -126.169 0(   1) -152.439 -26.269   -0.0002    0.0000    0.0000    0.0000
 2( 282) -126.333 0(   1) -152.439 -26.106    0.0002    0.0000    0.0000    0.0000
 2( 283) -126.514 0(   1) -152.439 -25.924   -0.0002    0.0000    0.0000    0.0000
 2( 284) -126.852 0(   1) -152.439 -25.587    0.0002    0.0000    0.0000    0.0000
 2( 285) -127.046 0(   1) -152.439 -25.392    0.0002    0.0000    0.0000    0.0000
 2( 286) -126.993 0(   1) -152.439 -25.446    0.0002    0.0000    0.0000    0.0000
 2( 287) -126.877 0(   1) -152.439 -25.562   -0.0002    0.0000    0.0000    0.0000
 2( 288) -127.035 0(   1) -152.439 -25.404   -0.0001    0.0000    0.0000    0.0000
 2( 289) -126.939 0(   1) -152.439 -25.500   -0.0002    0.0000    0.0000    0.0000
 2( 290) -127.240 0(   1) -152.439 -25.198   -0.0002    0.0000    0.0000    0.0000
 2( 291) -127.827 0(   1) -152.439 -24.611   -0.0001    0.0000    0.0000    0.0000
 2( 292) -126.910 0(   1) -152.439 -25.529    0.0001    0.0000    0.0000    0.0000
 2( 293) -127.570 0(   1) -152.439 -24.869   -0.0002    0.0000    0.0000    0.0000
 2( 294) -127.410 0(   1) -152.439 -25.028   -0.0002    0.0000    0.0000    0.0000
 2( 295) -127.141 0(   1) -152.439 -25.297   -0.0002    0.0000    0.0000    0.0000
 2( 296) -127.884 0(   1) -152.439 -24.554   -0.0002    0.0000    0.0000    0.0000
 2( 297) -127.948 0(   1) -152.439 -24.490    0.0002    0.0000    0.0000    0.0000
 2( 298) -127.510 0(   1) -152.439 -24.928    0.0001    0.0000    0.0000    0.0000
 2( 299) -128.476 0(   1) -152.439 -23.962   -0.0001    0.0000    0.0000    0.0000
 2( 300) -128.059 0(   1) -152.439 -24.380   -0.0002    0.0000    0.0000    0.0000
 2( 301) -127.384 0(   1) -152.439 -25.054   -0.0001    0.0000    0.0000    0.0000
 2( 302) -127.864 0(   1) -152.439 -24.575   -0.0001    0.0000    0.0000    0.0000
 2( 303) -128.229 0(   1) -152.439 -24.210   -0.0001    0.0000    0.0000    0.0000
 2( 304) -128.267 0(   1) -152.439 -24.171   -0.0001    0.0000    0.0000    0.0000
 2( 305) -128.260 0(   1) -152.439 -24.179   -0.0001    0.0000    0.0000    0.0000
 2( 306) -128.348 0(   1) -152.439 -24.091    0.0001    0.0000    0.0000    0.0000
 2( 307) -127.800 0(   1) -152.439 -24.639    0.0001    0.0000    0.0000    0.0000
 2( 308) -127.990 0(   1) -152.439 -24.449    0.0001    0.0000    0.0000    0.0000
 2( 309) -128.210 0(   1) -152.439 -24.229   -0.0001    0.0000    0.0000    0.0000
 2( 310) -127.544 0(   1) -152.439 -24.894   -0.0001    0.0000    0.0000    0.0000
 2( 311) -128.441 0(   1) -152.439 -23.998   -0.0001    0.0000    0.0000    0.0000
 2( 312) -128.197 0(   1) -152.439 -24.242   -0.0001    0.0000    0.0000    0.0000
 2( 313) -127.846 0(   1) -152.439 -24.593    0.0001    0.0000    0.0000    0.0000
 2( 314) -128.891 0(   1) -152.439 -23.547   -0.0002    0.0000    0.0000    0.0000
 2( 315) -128.132 0(   1) -152.439 -24.307   -0.0001    0.0000    0.0000    0.0000
 2( 316) -129.661 0(   1) -152.439 -22.778    0.0002    0.0000    0.0000    0.0000
 2( 317) -129.003 0(   1) -152.439 -23.436   -0.0001    0.0000    0.0000    0.0000
 2( 318) -129.118 0(   1) -152.439 -23.321   -0.0001    0.0000    0.0000    0.0000
 2( 319) -128.810 0(   1) -152.439 -23.628   -0.0001    0.0000    0.0000    0.0000
 2( 320) -128.609 0(   1) -152.439 -23.830    0.0001    0.0000    0.0000    0.0000
 2( 321) -128.090 0(   1) -152.439 -24.348    0.0001    0.0000    0.0000    0.0000
 2( 322) -128.063 0(   1) -152.439 -24.375   -0.0001    0.0000    0.0000    0.0000
 2( 323) -128.326 0(   1) -152.439 -24.113   -0.0001    0.0000    0.0000    0.0000
 2( 324) -127.239 0(   1) -152.439 -25.199    0.0001    0.0000    0.0000    0.0000
 2( 325) -128.458 0(   1) -152.439 -23.980    0.0001    0.0000    0.0000    0.0000
 2( 326) -129.679 0(   1) -152.439 -22.760   -0.0002    0.0000    0.0000    0.0000
 2( 327) -129.376 0(   1) -152.439 -23.062    0.0001    0.0000    0.0000    0.0000
 2( 328) -129.925 0(   1) -152.439 -22.514    0.0001    0.0000    0.0000    0.0000
 2( 329) -130.159 0(   1) -152.439 -22.279   -0.0001    0.0000    0.0000    0.0000
 2( 330) -129.380 0(   1) -152.439 -23.059   -0.0001    0.0000    0.0000    0.0000
 2( 331) -130.248 0(   1) -152.439 -22.190    0.0001    0.0000    0.0000    0.0000
 2( 332) -130.040 0(   1) -152.439 -22.399   -0.0001    0.0000    0.0000    0.0000
 2( 333) -130.072 0(   1) -152.439 -22.366   -0.0001    0.0000    0.0000    0.0000
 2( 334) -129.704 0(   1) -152.439 -22.734    0.0001    0.0000    0.0000    0.0000
 2( 335) -130.028 0(   1) -152.439 -22.411    0.0001    0.0000    0.0000    0.0000
 2( 336) -130.027 0(   1) -152.439 -22.411   -0.0001    0.0000    0.0000    0.0000
 2( 337) -129.607 0(   1) -152.439 -22.831   -0.0000    0.0000    0.0000    0.0000
 2( 338) -129.789 0(   1) -152.439 -22.649   -0.0001    0.0000    0.0000    0.0000
 2( 339) -130.754 0(   1) -152.439 -21.684   -0.0001    0.0000    0.0000    0.0000
 2( 340) -130.229 0(   1) -152.439 -22.210   -0.0000    0.0000    0.0000    0.0000
 2( 341) -129.857 0(   1) -152.439 -22.582   -0.0001    0.0000    0.0000    0.0000
 2( 342) -130.173 0(   1) -152.439 -22.266    0.0000    0.0000    0.0000    0.0000
 2( 343) -130.186 0(   1) -152.439 -22.253   -0.0001    0.0000    0.0000    0.0000
 2( 344) -130.123 0(   1) -152.439 -22.315   -0.0000    0.0000    0.0000    0.0000
 2( 345) -131.667 0(   1) -152.439 -20.771    0.0001    0.0000    0.0000    0.0000
 2( 346) -131.205 0(   1) -152.439 -21.233    0.0001    0.0000    0.0000    0.0000
 2( 347) -130.064 0(   1) -152.439 -22.374    0.0001    0.0000    0.0000    0.0000
 2( 348) -129.108 0(   1) -152.439 -23.330    0.0000    0.0000    0.0000    0.0000
 2( 349) -130.346 0(   1) -152.439 -22.093   -0.0000    0.0000    0.0000    0.0000
 2( 350) -130.355 0(   1) -152.439 -22.083   -0.0001    0.0000    0.0000    0.0000
 2( 351) -128.730 0(   1) -152.439 -23.709    0.0000    0.0000    0.0000    0.0000
 2( 352) -131.913 0(   1) -152.439 -20.526    0.0001    0.0000    0.0000    0.0000
 2( 353) -130.681 0(   1) -152.439 -21.758   -0.0000    0.0000    0.0000    0.0000
 2( 354) -130.084 0(   1) -152.439 -22.355    0.0000    0.0000    0.0000    0.0000
 2( 355) -129.741 0(   1) -152.439 -22.697   -0.0000    0.0000    0.0000    0.0000
 2( 356) -128.631 0(   1) -152.439 -23.807    0.0000    0.0000    0.0000    0.0000
 2( 357) -130.825 0(   1) -152.439 -21.613   -0.0000    0.0000    0.0000    0.0000
 2( 358) -130.704 0(   1) -152.439 -21.734   -0.0000    0.0000    0.0000    0.0000
 2( 359) -129.709 0(   1) -152.439 -22.729    0.0000    0.0000    0.0000    0.0000
 2( 360) -129.924 0(   1) -152.439 -22.515   -0.0000    0.0000    0.0000    0.0000
 2( 361) -130.276 0(   1) -152.439 -22.163    0.0000    0.0000    0.0000    0.0000
 2( 362) -129.817 0(   1) -152.439 -22.622    0.0000    0.0000    0.0000    0.0000
 2( 363) -128.782 0(   1) -152.439 -23.657    0.0000    0.0000    0.0000    0.0000
 2( 364) -129.450 0(   1) -152.439 -22.989    0.0000    0.0000    0.0000    0.0000
 2( 365) -127.933 0(   1) -152.439 -24.505    0.0000    0.0000    0.0000    0.0000
 2( 366) -129.317 0(   1) -152.439 -23.121   -0.0000    0.0000    0.0000    0.0000
 2( 367) -130.088 0(   1) -152.439 -22.351    0.0000    0.0000    0.0000    0.0000
 2( 368) -130.690 0(   1) -152.439 -21.748    0.0000    0.0000    0.0000    0.0000
 2( 369) -129.886 0(   1) -152.439 -22.552    0.0000    0.0000    0.0000    0.0000
 2( 370) -130.636 0(   1) -152.439 -21.802   -0.0000    0.0000    0.0000    0.0000
 2( 371) -130.648 0(   1) -152.439 -21.790   -0.0000    0.0000    0.0000    0.0000
 2( 372) -129.682 0(   1) -152.439 -22.756   -0.0000    0.0000    0.0000    0.0000
 2( 373) -131.770 0(   1) -152.439 -20.668    0.0000    0.0000    0.0000    0.0000
 2( 374) -130.044 0(   1) -152.439 -22.395   -0.0000    0.0000    0.0000    0.0000
 2( 375) -131.133 0(   1) -152.439 -21.306   -0.0000    0.0000    0.0000    0.0000
 2( 376) -131.802 0(   1) -152.439 -20.637   -0.0000    0.0000    0.0000    0.0000
 2( 377) -130.510 0(   1) -152.439 -21.929   -0.0000    0.0000    0.0000    0.0000
 2( 378) -131.914 0(   1) -152.439 -20.524    0.0000    0.0000    0.0000    0.0000
 2( 379) -129.490 0(   1) -152.439 -22.948   -0.0000    0.0000    0.0000    0.0000
 2( 380) -130.430 0(   1) -152.439 -22.008   -0.0000    0.0000    0.0000    0.0000
 2( 381) -130.408 0(   1) -152.439 -22.030   -0.0000    0.0000    0.0000    0.0000
 2( 382) -131.704 0(   1) -152.439 -20.735   -0.0000    0.0000    0.0000    0.0000
 2( 383) -132.588 0(   1) -152.439 -19.850    0.0000    0.0000    0.0000    0.0000
 2( 384) -131.307 0(   1) -152.439 -21.131    0.0000    0.0000    0.0000    0.0000
 2( 385) -132.265 0(   1) -152.439 -20.174    0.0000    0.0000    0.0000    0.0000
 2( 386) -130.822 0(   1) -152.439 -21.616   -0.0000    0.0000    0.0000    0.0000
 2( 387) -132.124 0(   1) -152.439 -20.314    0.0000    0.0000    0.0000    0.0000
 2( 388) -132.888 0(   1) -152.439 -19.551    0.0000    0.0000    0.0000    0.0000
 2( 389) -132.470 0(   1) -152.439 -19.968   -0.0000    0.0000    0.0000    0.0000
 2( 390) -135.198 0(   1) -152.439 -17.240    0.0000    0.0000    0.0000    0.0000
 2( 391) -133.402 0(   1) -152.439 -19.037    0.0000    0.0000    0.0000    0.0000
 2( 392) -132.986 0(   1) -152.439 -19.452   -0.0000    0.0000    0.0000    0.0000
 2( 393) -132.339 0(   1) -152.439 -20.100   -0.0000    0.0000    0.0000    0.0000
 2( 394) -133.410 0(   1) -152.439 -19.028    0.0001    0.0000    0.0000    0.0000
 2( 395) -133.554 0(   1) -152.439 -18.884    0.0000    0.0000    0.0000    0.0000
 2( 396) -132.520 0(   1) -152.439 -19.919    0.0000    0.0000    0.0000    0.0000
 2( 397) -132.265 0(   1) -152.439 -20.174   -0.0000    0.0000    0.0000    0.0000
 2( 398) -132.981 0(   1) -152.439 -19.457    0.0000    0.0000    0.0000    0.0000
 2( 399) -135.321 0(   1) -152.439 -17.118    0.0001    0.0000    0.0000    0.0000
 2( 400) -131.674 0(   1) -152.439 -20.764   -0.0000    0.0000    0.0000    0.0000
# 
#
#total elapsed time:    25.158
#
# 
# maximum num of allocated lanczos vec.         432
# present num of allocated lanczos vec.         401
# 
# 
#    summary of time, total =     0:00:25
# 
#                       time,    ncall, time/ncall,   ratio 
#          total      25.158         1    25.15762   1.0000
#  MPIini matvec       4.951       411     0.01205   0.1968
#        operate       0.605       411     0.00147   0.0240
#  MPIfin matvec       4.749       411     0.01156   0.1888
#           misc      14.853                         0.5904
# 
#           tmp        0.090         3     0.03014   0.0036
# 
#