start running log_Cd130_Ag130_jj66_n3lovlowk_tr_j8p_j6p.txt ...
nprocs   96    myrank    0
 nprocs = nprocs_reduce x nprocs_shift    96 =    8 x   12
 # of vectors to shift at once   12

 &INPUT
 FN_INT  = jj66_n3lovlowk.snt                                                                                                        
                                                                                                                                     
   ,
 HW_TYPE =           1,
 FN_PTN_L        = Cd130_jj66_n3lovlowk_p.ptn                                                                                        
                                                                                                                                     
           ,
 FN_LOAD_WAVE_L  = Cd130_jj66_n3lovlowk_j8p.wav                                                                                      
                                                                                                                                     
           ,
 FN_PTN_R        = Ag130_jj66_n3lovlowk_p.ptn                                                                                        
                                                                                                                                     
           ,
 FN_LOAD_WAVE_R  = Ag130_jj66_n3lovlowk_j6p.wav                                                                                      
                                                                                                                                     
           ,
 EFF_CHARGE      =   1.50000000000000     ,  0.500000000000000     ,
 GL      =   1.00000000000000     ,  0.000000000000000E+000,
 GS      =   5.58500000000000     ,  -3.82600000000000     ,
 E1_CHARGE       = 2*0.000000000000000E+000  ,
 E3_CHARGE       = 2*0.000000000000000E+000  ,
 MASS    =           0,
 IS_FERMI_TRN    = F,
 IS_OBTD = F,
 IS_TBTD = F,
 NPROCS_REDUCE   =           8,
 NV_SHIFT        =          12,
 IHW_PROJ        =          -1,
 N_EIG_LR_PAIR   = 2000*-1
 /
compile conf. kwf, kdim, kmbit, nmbit =  8  8  8  1

fn_load_wave_l = Cd130_jj66_n3lovlowk_j8p.wav
fn_load_wave_r = Ag130_jj66_n3lovlowk_j6p.wav
 
 proton  core 38, orbit: 0s_1/2 0p_3/2 0p_1/2 0d_5/2 0d_3/2 1s_1/2 0f_7/2 0f_5/2 1p_3/2
 neutron core 50, orbit: 0s_1/2 0p_3/2 0p_1/2 0d_5/2 0d_3/2 1s_1/2 0f_7/2 0f_5/2 1p_3/2 1p_1/2 0g_9/2
 
 model space
   k,  n,  l,  j, tz,  p, 2n+l
   1   1   1   1  -1  -1   3   p 1p_1/2
   2   0   4   9  -1   1   4   p 0g_9/2
   3   0   4   7  -1   1   4   p 0g_7/2
   4   1   2   5  -1   1   4   p 1d_5/2
   5   1   2   3  -1   1   4   p 1d_3/2
   6   2   0   1  -1   1   4   p 2s_1/2
   7   0   4   7   1   1   4   n 0g_7/2
   8   1   2   5   1   1   4   n 1d_5/2
   9   1   2   3   1   1   4   n 1d_3/2
  10   2   0   1   1   1   4   n 2s_1/2
  11   0   5  11   1  -1   5   n 0h11/2
  12   1   3   7   1  -1   5   n 1f_7/2
 
set left partition_file=Cd130_jj66_n3lovlowk_p.ptn
Max 2*J =  62
 
pn= 1   # of mbits=        4141974
pn= 2   # of mbits=            257

init_partition  time it took was:     0.225 sec

Memory usage in partition       32.04 MB
 partition distribution based on counted dim.          96
 partition distribution based on counted dim.          96

loadbalancing cost max/min      371652.00000      371644.00000

set right partition_file=Ag130_jj66_n3lovlowk_p.ptn
Max 2*J =  52
 
pn= 1   # of mbits=        1223129
pn= 2   # of mbits=              8

init_partition  time it took was:     0.127 sec

Memory usage in partition        9.37 MB
 partition distribution based on counted dim.          96
 partition distribution based on counted dim.          96

loadbalancing cost max/min       18408.00000       12163.00000

N. of valence protons and neutrons =  10 32   mass=130   z,n-core    38   50
TBME mass dependence (mass/ 132)^ -0.30000000
 hbar_omega: set by 41A^(-1/3) MeV
hbar_omega =    8.09349 MeV;     b =    2.26362 fm
 all combination of states to be computed.
Memory for left global Lanczos vector:     0.266 GB
Memory / process is:     0.003 GB 
 
Memory for right global Lanczos vector:     0.009 GB
Memory / process is:     0.000 GB 
 
Total Memory / process is:     0.301 GB 
 
wave functions load from Cd130_jj66_n3lovlowk_j8p.wav # of wf  100
time I/O     26.582 GB  /      9.080 sec. =      2.93 GB/s

wave functions load from Ag130_jj66_n3lovlowk_j6p.wav # of wf    1
time I/O      0.009 GB  /      0.110 sec. =      0.08 GB/s


max. working area for pn-int.:      0.045GB        1000000
split partition threshold dim.          21848  max. # of split ptn   1
 # of split partitions        0 /          469
left  Z,N,A,M,prty:   48  82 130   8   1
right Z,N,A,M,prty:   47  83 130   6   1

 GT transition  <f||sigma t^(+-)||i>    parity  1  1
 2xJf      Ef      2xJi     Ei       Ex       Mred.    B(EM )->   B(EM)<-   Mom.
 8(   1) -196.303 6(   1) -177.201  19.102    0.0401    0.0002    0.0002    0.0000
 8(   2) -195.025 6(   1) -177.201  17.825    0.0062    0.0000    0.0000    0.0000
 8(   3) -194.121 6(   1) -177.201  16.920    0.0043    0.0000    0.0000    0.0000
 8(   4) -193.463 6(   1) -177.201  16.262   -0.0480    0.0003    0.0003    0.0000
 8(   5) -193.061 6(   1) -177.201  15.860    0.1081    0.0013    0.0017    0.0000
 8(   6) -192.498 6(   1) -177.201  15.297    0.0859    0.0008    0.0011    0.0000
 8(   7) -191.358 6(   1) -177.201  14.157    0.9878    0.1084    0.1394    0.0000
 8(   8) -191.241 6(   1) -177.201  14.040   -1.4219    0.2246    0.2888    0.0000
 8(   9) -189.456 6(   1) -177.201  12.255   -0.4986    0.0276    0.0355    0.0000
 8(  10) -188.757 6(   1) -177.201  11.556    1.4589    0.2365    0.3041    0.0000
 8(  11) -187.722 6(   1) -177.201  10.521   -1.5867    0.2797    0.3596    0.0000
 8(  12) -186.595 6(   1) -177.201   9.395   -2.1955    0.5356    0.6886    0.0000
 8(  13) -185.547 6(   1) -177.201   8.347    2.1900    0.5329    0.6852    0.0000
 8(  14) -183.875 6(   1) -177.201   6.674   -6.4788    4.6639    5.9964    0.0000
 8(  15) -183.093 6(   1) -177.201   5.893   -7.0621    5.5415    7.1248    0.0000
 8(  16) -181.939 6(   1) -177.201   4.739   -3.2790    1.1946    1.5360    0.0000
 8(  17) -180.469 6(   1) -177.201   3.268    1.6471    0.3014    0.3875    0.0000
 8(  18) -178.624 6(   1) -177.201   1.423    1.1143    0.1380    0.1774    0.0000
 8(  19) -177.393 6(   1) -177.201   0.192   -0.6723    0.0502    0.0646    0.0000
 8(  20) -175.096 6(   1) -177.201  -2.105   -0.2197    0.0054    0.0069    0.0000
 8(  21) -174.323 6(   1) -177.201  -2.877    0.1545    0.0027    0.0034    0.0000
 8(  22) -171.256 6(   1) -177.201  -5.944   -0.0896    0.0009    0.0011    0.0000
 8(  23) -178.259 6(   1) -177.201   1.058    0.0823    0.0008    0.0010    0.0000
 8(  24) -179.822 6(   1) -177.201   2.622    0.0540    0.0003    0.0004    0.0000
 8(  25) -178.371 6(   1) -177.201   1.170   -0.0831    0.0008    0.0010    0.0000
 8(  26) -177.845 6(   1) -177.201   0.644    0.1795    0.0036    0.0046    0.0000
 8(  27) -175.267 6(   1) -177.201  -1.934    0.1842    0.0038    0.0048    0.0000
 8(  28) -175.656 6(   1) -177.201  -1.545    0.2069    0.0048    0.0061    0.0000
 8(  29) -177.864 6(   1) -177.201   0.663   -0.2669    0.0079    0.0102    0.0000
 8(  30) -185.728 6(   1) -177.201   8.528   -1.5707    0.2741    0.3524    0.0000
 8(  31) -184.540 6(   1) -177.201   7.339   -2.5685    0.7330    0.9424    0.0000
 8(  32) -183.506 6(   1) -177.201   6.305   -1.5746    0.2755    0.3542    0.0000
 8(  33) -180.234 6(   1) -177.201   3.033   -0.3583    0.0143    0.0183    0.0000
 8(  34) -178.451 6(   1) -177.201   1.251    0.2304    0.0059    0.0076    0.0000
 8(  35) -174.817 6(   1) -177.201  -2.383    0.0671    0.0005    0.0006    0.0000
 8(  36) -172.466 6(   1) -177.201  -4.735    0.0367    0.0001    0.0002    0.0000
 8(  37) -170.617 6(   1) -177.201  -6.584   -0.0085    0.0000    0.0000    0.0000
 8(  38) -178.016 6(   1) -177.201   0.815    0.0132    0.0000    0.0000    0.0000
 8(  39) -176.550 6(   1) -177.201  -0.651   -0.0226    0.0001    0.0001    0.0000
 8(  40) -175.225 6(   1) -177.201  -1.976    0.0244    0.0001    0.0001    0.0000
 8(  41) -173.665 6(   1) -177.201  -3.536   -0.0291    0.0001    0.0001    0.0000
 8(  42) -171.607 6(   1) -177.201  -5.594    0.0220    0.0001    0.0001    0.0000
 8(  43) -167.864 6(   1) -177.201  -9.337   -0.0053    0.0000    0.0000    0.0000
 8(  44) -165.805 6(   1) -177.201 -11.396    0.0022    0.0000    0.0000    0.0000
 8(  45) -171.415 6(   1) -177.201  -5.786   -0.0007    0.0000    0.0000    0.0000
 8(  46) -170.228 6(   1) -177.201  -6.972    0.0009    0.0000    0.0000    0.0000
 8(  47) -184.663 6(   1) -177.201   7.462   -0.0426    0.0002    0.0003    0.0000
 8(  48) -184.143 6(   1) -177.201   6.942    0.0432    0.0002    0.0003    0.0000
 8(  49) -180.384 6(   1) -177.201   3.183   -0.0532    0.0003    0.0004    0.0000
 8(  50) -182.877 6(   1) -177.201   5.676    0.0424    0.0002    0.0003    0.0000
 8(  51) -179.198 6(   1) -177.201   1.998   -0.1027    0.0012    0.0015    0.0000
 8(  52) -182.463 6(   1) -177.201   5.262    0.1590    0.0028    0.0036    0.0000
 8(  53) -182.607 6(   1) -177.201   5.407   -0.0529    0.0003    0.0004    0.0000
 8(  54) -186.909 6(   1) -177.201   9.708    0.3137    0.0109    0.0141    0.0000
 8(  55) -184.099 6(   1) -177.201   6.898   -0.0715    0.0006    0.0007    0.0000
 8(  56) -180.803 6(   1) -177.201   3.602    0.0546    0.0003    0.0004    0.0000
 8(  57) -176.099 6(   1) -177.201  -1.102   -0.0194    0.0000    0.0001    0.0000
 8(  58) -174.118 6(   1) -177.201  -3.082    0.0071    0.0000    0.0000    0.0000
 8(  59) -174.159 6(   1) -177.201  -3.042   -0.0038    0.0000    0.0000    0.0000
 8(  60) -181.233 6(   1) -177.201   4.033    0.0112    0.0000    0.0000    0.0000
 8(  61) -178.005 6(   1) -177.201   0.805   -0.0093    0.0000    0.0000    0.0000
 8(  62) -175.373 6(   1) -177.201  -1.827    0.0052    0.0000    0.0000    0.0000
 8(  63) -172.270 6(   1) -177.201  -4.931   -0.0086    0.0000    0.0000    0.0000
 8(  64) -169.787 6(   1) -177.201  -7.413    0.0068    0.0000    0.0000    0.0000
 8(  65) -169.285 6(   1) -177.201  -7.916   -0.0017    0.0000    0.0000    0.0000
 8(  66) -172.762 6(   1) -177.201  -4.439    0.0008    0.0000    0.0000    0.0000
 8(  67) -184.807 6(   1) -177.201   7.606   -0.0335    0.0001    0.0002    0.0000
 8(  68) -184.180 6(   1) -177.201   6.979    0.0335    0.0001    0.0002    0.0000
 8(  69) -178.880 6(   1) -177.201   1.680   -0.0263    0.0001    0.0001    0.0000
 8(  70) -176.798 6(   1) -177.201  -0.402    0.0156    0.0000    0.0000    0.0000
 8(  71) -171.131 6(   1) -177.201  -6.070   -0.0053    0.0000    0.0000    0.0000
 8(  72) -173.838 6(   1) -177.201  -3.362    0.0029    0.0000    0.0000    0.0000
 8(  73) -173.525 6(   1) -177.201  -3.676   -0.0010    0.0000    0.0000    0.0000
 8(  74) -177.674 6(   1) -177.201   0.473    0.0002    0.0000    0.0000    0.0000
 8(  75) -172.289 6(   1) -177.201  -4.912   -0.0004    0.0000    0.0000    0.0000
 8(  76) -172.999 6(   1) -177.201  -4.202    0.0037    0.0000    0.0000    0.0000
 8(  77) -176.068 6(   1) -177.201  -1.132   -0.0059    0.0000    0.0000    0.0000
 8(  78) -167.709 6(   1) -177.201  -9.492    0.0010    0.0000    0.0000    0.0000
 8(  79) -172.987 6(   1) -177.201  -4.214   -0.0010    0.0000    0.0000    0.0000
 8(  80) -175.261 6(   1) -177.201  -1.940    0.0004    0.0000    0.0000    0.0000
 8(  81) -177.713 6(   1) -177.201   0.513   -0.0010    0.0000    0.0000    0.0000
 8(  82) -173.780 6(   1) -177.201  -3.421    0.0004    0.0000    0.0000    0.0000
 8(  83) -172.995 6(   1) -177.201  -4.206   -0.0006    0.0000    0.0000    0.0000
 8(  84) -172.259 6(   1) -177.201  -4.942    0.0003    0.0000    0.0000    0.0000
 8(  85) -171.799 6(   1) -177.201  -5.401   -0.0000    0.0000    0.0000    0.0000
 8(  86) -171.605 6(   1) -177.201  -5.596    0.0001    0.0000    0.0000    0.0000
 8(  87) -171.135 6(   1) -177.201  -6.066   -0.0001    0.0000    0.0000    0.0000
 8(  88) -171.557 6(   1) -177.201  -5.644    0.0001    0.0000    0.0000    0.0000
 8(  89) -171.215 6(   1) -177.201  -5.986   -0.0000    0.0000    0.0000    0.0000
 8(  90) -171.111 6(   1) -177.201  -6.089   -0.0000    0.0000    0.0000    0.0000
 8(  91) -170.965 6(   1) -177.201  -6.236   -0.0000    0.0000    0.0000    0.0000
 8(  92) -170.607 6(   1) -177.201  -6.594    0.0000    0.0000    0.0000    0.0000
 8(  93) -171.553 6(   1) -177.201  -5.647   -0.0001    0.0000    0.0000    0.0000
 8(  94) -171.270 6(   1) -177.201  -5.931    0.0001    0.0000    0.0000    0.0000
 8(  95) -171.035 6(   1) -177.201  -6.166   -0.0001    0.0000    0.0000    0.0000
 8(  96) -170.737 6(   1) -177.201  -6.464   -0.0000    0.0000    0.0000    0.0000
 8(  97) -170.628 6(   1) -177.201  -6.572    0.0000    0.0000    0.0000    0.0000
 8(  98) -171.315 6(   1) -177.201  -5.885    0.0000    0.0000    0.0000    0.0000
 8(  99) -171.306 6(   1) -177.201  -5.895    0.0000    0.0000    0.0000    0.0000
 8( 100) -170.903 6(   1) -177.201  -6.298   -0.0000    0.0000    0.0000    0.0000
 

total elapsed time:    47.997

 
 maximum num of allocated lanczos vec.         121
 present num of allocated lanczos vec.         101
 
 
    summary of time, total =     0:00:47
 
                       time,    ncall, time/ncall,   ratio 
          total      47.997         1    47.99690   1.0000
  MPIini matvec       5.418       181     0.02994   0.1129
        operate       0.662       181     0.00366   0.0138
  MPIfin matvec       4.263       181     0.02355   0.0888
           misc      37.654                         0.7845
 
           tmp        0.110         3     0.03651   0.0023
 
