start running log_Cd130_Ag130_jj66_n3lovlowk_tr_j6p_j6p.txt ...
nprocs   96    myrank    0
 nprocs = nprocs_reduce x nprocs_shift    96 =    8 x   12
 # of vectors to shift at once   12

 &INPUT
 FN_INT  = jj66_n3lovlowk.snt                                                                                                        
                                                                                                                                     
   ,
 HW_TYPE =           1,
 FN_PTN_L        = Cd130_jj66_n3lovlowk_p.ptn                                                                                        
                                                                                                                                     
           ,
 FN_LOAD_WAVE_L  = Cd130_jj66_n3lovlowk_j6p.wav                                                                                      
                                                                                                                                     
           ,
 FN_PTN_R        = Ag130_jj66_n3lovlowk_p.ptn                                                                                        
                                                                                                                                     
           ,
 FN_LOAD_WAVE_R  = Ag130_jj66_n3lovlowk_j6p.wav                                                                                      
                                                                                                                                     
           ,
 EFF_CHARGE      =   1.50000000000000     ,  0.500000000000000     ,
 GL      =   1.00000000000000     ,  0.000000000000000E+000,
 GS      =   5.58500000000000     ,  -3.82600000000000     ,
 E1_CHARGE       = 2*0.000000000000000E+000  ,
 E3_CHARGE       = 2*0.000000000000000E+000  ,
 MASS    =           0,
 IS_FERMI_TRN    = F,
 IS_OBTD = F,
 IS_TBTD = F,
 NPROCS_REDUCE   =           8,
 NV_SHIFT        =          12,
 IHW_PROJ        =          -1,
 N_EIG_LR_PAIR   = 2000*-1
 /
compile conf. kwf, kdim, kmbit, nmbit =  8  8  8  1

fn_load_wave_l = Cd130_jj66_n3lovlowk_j6p.wav
fn_load_wave_r = Ag130_jj66_n3lovlowk_j6p.wav
 
 proton  core 38, orbit: 0s_1/2 0p_3/2 0p_1/2 0d_5/2 0d_3/2 1s_1/2 0f_7/2 0f_5/2 1p_3/2
 neutron core 50, orbit: 0s_1/2 0p_3/2 0p_1/2 0d_5/2 0d_3/2 1s_1/2 0f_7/2 0f_5/2 1p_3/2 1p_1/2 0g_9/2
 
 model space
   k,  n,  l,  j, tz,  p, 2n+l
   1   1   1   1  -1  -1   3   p 1p_1/2
   2   0   4   9  -1   1   4   p 0g_9/2
   3   0   4   7  -1   1   4   p 0g_7/2
   4   1   2   5  -1   1   4   p 1d_5/2
   5   1   2   3  -1   1   4   p 1d_3/2
   6   2   0   1  -1   1   4   p 2s_1/2
   7   0   4   7   1   1   4   n 0g_7/2
   8   1   2   5   1   1   4   n 1d_5/2
   9   1   2   3   1   1   4   n 1d_3/2
  10   2   0   1   1   1   4   n 2s_1/2
  11   0   5  11   1  -1   5   n 0h11/2
  12   1   3   7   1  -1   5   n 1f_7/2
 
set left partition_file=Cd130_jj66_n3lovlowk_p.ptn
Max 2*J =  62
 
pn= 1   # of mbits=        4357260
pn= 2   # of mbits=            257

init_partition  time it took was:     0.237 sec

Memory usage in partition       33.68 MB
 partition distribution based on counted dim.          96
 partition distribution based on counted dim.          96

loadbalancing cost max/min      400051.00000      400042.00000

set right partition_file=Ag130_jj66_n3lovlowk_p.ptn
Max 2*J =  52
 
pn= 1   # of mbits=        1223129
pn= 2   # of mbits=              8

init_partition  time it took was:     0.141 sec

Memory usage in partition        9.37 MB
 partition distribution based on counted dim.          96
 partition distribution based on counted dim.          96

loadbalancing cost max/min       18408.00000       12163.00000

N. of valence protons and neutrons =  10 32   mass=130   z,n-core    38   50
TBME mass dependence (mass/ 132)^ -0.30000000
 hbar_omega: set by 41A^(-1/3) MeV
hbar_omega =    8.09349 MeV;     b =    2.26362 fm
 all combination of states to be computed.
Memory for left global Lanczos vector:     0.286 GB
Memory / process is:     0.003 GB 
 
Memory for right global Lanczos vector:     0.009 GB
Memory / process is:     0.000 GB 
 
Total Memory / process is:     0.324 GB 
 
wave functions load from Cd130_jj66_n3lovlowk_j6p.wav # of wf  100
time I/O     28.614 GB  /      9.445 sec. =      3.03 GB/s

wave functions load from Ag130_jj66_n3lovlowk_j6p.wav # of wf    1
time I/O      0.009 GB  /      0.148 sec. =      0.06 GB/s


max. working area for pn-int.:      0.045GB        1000000
split partition threshold dim.          21848  max. # of split ptn   1
 # of split partitions        0 /          471
left  Z,N,A,M,prty:   48  82 130   6   1
right Z,N,A,M,prty:   47  83 130   6   1

 GT transition  <f||sigma t^(+-)||i>    parity  1  1
 2xJf      Ef      2xJi     Ei       Ex       Mred.    B(EM )->   B(EM)<-   Mom.
 6(   1) -194.808 6(   1) -177.201  17.607   -0.0060    0.0000    0.0000    0.0000
 6(   2) -193.989 6(   1) -177.201  16.788   -0.0052    0.0000    0.0000    0.0000
 6(   3) -193.467 6(   1) -177.201  16.266    0.0342    0.0002    0.0002    0.0000
 6(   4) -193.136 6(   1) -177.201  15.935    0.1173    0.0020    0.0020    0.0000
 6(   5) -192.750 6(   1) -177.201  15.549    0.0867    0.0011    0.0011    0.0000
 6(   6) -191.896 6(   1) -177.201  14.695   -0.1325    0.0025    0.0025    0.0000
 6(   7) -191.346 6(   1) -177.201  14.145    1.8146    0.4704    0.4704    0.0000
 6(   8) -190.484 6(   1) -177.201  13.284    0.1666    0.0040    0.0040    0.0000
 6(   9) -189.144 6(   1) -177.201  11.943    0.6658    0.0633    0.0633    0.0000
 6(  10) -188.294 6(   1) -177.201  11.094    1.5804    0.3568    0.3568    0.0000
 6(  11) -187.324 6(   1) -177.201  10.124    1.8915    0.5111    0.5111    0.0000
 6(  12) -186.282 6(   1) -177.201   9.081    2.0688    0.6114    0.6114    0.0000
 6(  13) -185.076 6(   1) -177.201   7.875    1.9771    0.5584    0.5584    0.0000
 6(  14) -183.665 6(   1) -177.201   6.464    7.2552    7.5196    7.5196    0.0000
 6(  15) -182.950 6(   1) -177.201   5.749    3.9470    2.2256    2.2256    0.0000
 6(  16) -181.525 6(   1) -177.201   4.324    1.9319    0.5332    0.5332    0.0000
 6(  17) -180.005 6(   1) -177.201   2.804    1.0826    0.1674    0.1674    0.0000
 6(  18) -178.291 6(   1) -177.201   1.090    0.9297    0.1235    0.1235    0.0000
 6(  19) -176.910 6(   1) -177.201  -0.291    0.3536    0.0179    0.0179    0.0000
 6(  20) -175.128 6(   1) -177.201  -2.073    0.1745    0.0043    0.0043    0.0000
 6(  21) -174.523 6(   1) -177.201  -2.677    0.1353    0.0026    0.0026    0.0000
 6(  22) -172.440 6(   1) -177.201  -4.761    0.0602    0.0005    0.0005    0.0000
 6(  23) -179.045 6(   1) -177.201   1.844    0.0869    0.0011    0.0011    0.0000
 6(  24) -178.993 6(   1) -177.201   1.792    0.0537    0.0004    0.0004    0.0000
 6(  25) -177.637 6(   1) -177.201   0.437    0.0793    0.0009    0.0009    0.0000
 6(  26) -178.045 6(   1) -177.201   0.844    0.1796    0.0046    0.0046    0.0000
 6(  27) -174.218 6(   1) -177.201  -2.982    0.1810    0.0047    0.0047    0.0000
 6(  28) -174.991 6(   1) -177.201  -2.210    0.2079    0.0062    0.0062    0.0000
 6(  29) -179.153 6(   1) -177.201   1.952    0.3080    0.0135    0.0135    0.0000
 6(  30) -183.990 6(   1) -177.201   6.789    1.0160    0.1475    0.1475    0.0000
 6(  31) -184.577 6(   1) -177.201   7.376    3.2469    1.5061    1.5061    0.0000
 6(  32) -182.708 6(   1) -177.201   5.507    0.9764    0.1362    0.1362    0.0000
 6(  33) -179.970 6(   1) -177.201   2.769    0.4129    0.0244    0.0244    0.0000
 6(  34) -178.039 6(   1) -177.201   0.839    0.1842    0.0048    0.0048    0.0000
 6(  35) -174.465 6(   1) -177.201  -2.736    0.0710    0.0007    0.0007    0.0000
 6(  36) -172.197 6(   1) -177.201  -5.004    0.0328    0.0002    0.0002    0.0000
 6(  37) -170.603 6(   1) -177.201  -6.598    0.0084    0.0000    0.0000    0.0000
 6(  38) -177.612 6(   1) -177.201   0.411    0.0131    0.0000    0.0000    0.0000
 6(  39) -176.079 6(   1) -177.201  -1.122    0.0242    0.0001    0.0001    0.0000
 6(  40) -174.886 6(   1) -177.201  -2.315    0.0217    0.0001    0.0001    0.0000
 6(  41) -173.096 6(   1) -177.201  -4.104    0.0303    0.0001    0.0001    0.0000
 6(  42) -170.966 6(   1) -177.201  -6.235    0.0146    0.0000    0.0000    0.0000
 6(  43) -166.889 6(   1) -177.201 -10.312    0.0045    0.0000    0.0000    0.0000
 6(  44) -167.778 6(   1) -177.201  -9.422   -0.0007    0.0000    0.0000    0.0000
 6(  45) -171.613 6(   1) -177.201  -5.588   -0.0010    0.0000    0.0000    0.0000
 6(  46) -175.989 6(   1) -177.201  -1.212    0.0015    0.0000    0.0000    0.0000
 6(  47) -185.626 6(   1) -177.201   8.425    0.4550    0.0296    0.0296    0.0000
 6(  48) -184.672 6(   1) -177.201   7.471    0.1982    0.0056    0.0056    0.0000
 6(  49) -180.566 6(   1) -177.201   3.366   -0.1412    0.0028    0.0028    0.0000
 6(  50) -177.632 6(   1) -177.201   0.431   -0.1747    0.0044    0.0044    0.0000
 6(  51) -181.642 6(   1) -177.201   4.441   -1.1151    0.1776    0.1776    0.0000
 6(  52) -179.899 6(   1) -177.201   2.698    1.0114    0.1461    0.1461    0.0000
 6(  53) -178.191 6(   1) -177.201   0.991   -0.1500    0.0032    0.0032    0.0000
 6(  54) -180.937 6(   1) -177.201   3.737   -0.2440    0.0085    0.0085    0.0000
 6(  55) -186.348 6(   1) -177.201   9.147   -0.6819    0.0664    0.0664    0.0000
 6(  56) -180.862 6(   1) -177.201   3.661    0.0754    0.0008    0.0008    0.0000
 6(  57) -175.818 6(   1) -177.201  -1.383    0.0415    0.0002    0.0002    0.0000
 6(  58) -173.713 6(   1) -177.201  -3.488    0.0232    0.0001    0.0001    0.0000
 6(  59) -174.832 6(   1) -177.201  -2.369    0.0120    0.0000    0.0000    0.0000
 6(  60) -183.500 6(   1) -177.201   6.300    0.0366    0.0002    0.0002    0.0000
 6(  61) -175.571 6(   1) -177.201  -1.629   -0.0143    0.0000    0.0000    0.0000
 6(  62) -175.283 6(   1) -177.201  -1.918    0.0167    0.0000    0.0000    0.0000
 6(  63) -173.897 6(   1) -177.201  -3.304   -0.0172    0.0000    0.0000    0.0000
 6(  64) -170.488 6(   1) -177.201  -6.713   -0.0145    0.0000    0.0000    0.0000
 6(  65) -168.159 6(   1) -177.201  -9.041    0.0077    0.0000    0.0000    0.0000
 6(  66) -171.029 6(   1) -177.201  -6.171    0.0027    0.0000    0.0000    0.0000
 6(  67) -181.899 6(   1) -177.201   4.698   -0.0430    0.0003    0.0003    0.0000
 6(  68) -184.520 6(   1) -177.201   7.319    0.1832    0.0048    0.0048    0.0000
 6(  69) -174.170 6(   1) -177.201  -3.031    0.0204    0.0001    0.0001    0.0000
 6(  70) -178.126 6(   1) -177.201   0.925    0.0413    0.0002    0.0002    0.0000
 6(  71) -174.037 6(   1) -177.201  -3.164   -0.0160    0.0000    0.0000    0.0000
 6(  72) -173.980 6(   1) -177.201  -3.221   -0.0072    0.0000    0.0000    0.0000
 6(  73) -173.485 6(   1) -177.201  -3.716    0.0040    0.0000    0.0000    0.0000
 6(  74) -173.628 6(   1) -177.201  -3.573    0.0013    0.0000    0.0000    0.0000
 6(  75) -177.560 6(   1) -177.201   0.359   -0.0008    0.0000    0.0000    0.0000
 6(  76) -172.490 6(   1) -177.201  -4.711    0.0024    0.0000    0.0000    0.0000
 6(  77) -174.855 6(   1) -177.201  -2.346   -0.0026    0.0000    0.0000    0.0000
 6(  78) -172.104 6(   1) -177.201  -5.097    0.0009    0.0000    0.0000    0.0000
 6(  79) -173.318 6(   1) -177.201  -3.883    0.0036    0.0000    0.0000    0.0000
 6(  80) -172.812 6(   1) -177.201  -4.389   -0.0038    0.0000    0.0000    0.0000
 6(  81) -178.034 6(   1) -177.201   0.833   -0.0073    0.0000    0.0000    0.0000
 6(  82) -177.446 6(   1) -177.201   0.245   -0.0022    0.0000    0.0000    0.0000
 6(  83) -173.721 6(   1) -177.201  -3.480    0.0031    0.0000    0.0000    0.0000
 6(  84) -172.986 6(   1) -177.201  -4.215   -0.0023    0.0000    0.0000    0.0000
 6(  85) -172.117 6(   1) -177.201  -5.083   -0.0009    0.0000    0.0000    0.0000
 6(  86) -172.144 6(   1) -177.201  -5.056   -0.0002    0.0000    0.0000    0.0000
 6(  87) -171.545 6(   1) -177.201  -5.656   -0.0002    0.0000    0.0000    0.0000
 6(  88) -171.157 6(   1) -177.201  -6.044    0.0002    0.0000    0.0000    0.0000
 6(  89) -170.745 6(   1) -177.201  -6.456    0.0000    0.0000    0.0000    0.0000
 6(  90) -171.238 6(   1) -177.201  -5.963   -0.0000    0.0000    0.0000    0.0000
 6(  91) -171.423 6(   1) -177.201  -5.778    0.0001    0.0000    0.0000    0.0000
 6(  92) -171.017 6(   1) -177.201  -6.183    0.0001    0.0000    0.0000    0.0000
 6(  93) -170.695 6(   1) -177.201  -6.505   -0.0000    0.0000    0.0000    0.0000
 6(  94) -170.780 6(   1) -177.201  -6.421    0.0000    0.0000    0.0000    0.0000
 6(  95) -171.580 6(   1) -177.201  -5.621   -0.0003    0.0000    0.0000    0.0000
 6(  96) -171.197 6(   1) -177.201  -6.004   -0.0004    0.0000    0.0000    0.0000
 6(  97) -171.064 6(   1) -177.201  -6.137   -0.0004    0.0000    0.0000    0.0000
 6(  98) -170.808 6(   1) -177.201  -6.393   -0.0001    0.0000    0.0000    0.0000
 6(  99) -170.692 6(   1) -177.201  -6.509    0.0001    0.0000    0.0000    0.0000
 6( 100) -170.901 6(   1) -177.201  -6.300   -0.0000    0.0000    0.0000    0.0000
 

total elapsed time:    49.629

 
 maximum num of allocated lanczos vec.         121
 present num of allocated lanczos vec.         101
 
 
    summary of time, total =     0:00:49
 
                       time,    ncall, time/ncall,   ratio 
          total      49.629         1    49.62900   1.0000
  MPIini matvec       6.340       182     0.03484   0.1278
        operate       0.863       182     0.00474   0.0174
  MPIfin matvec       4.614       182     0.02535   0.0930
           misc      37.811                         0.7619
 
           tmp        0.148         3     0.04935   0.0030
 
